Webots Project File version R2021b
perspectives: 000000ff00000000fd00000003000000000000000000000000fc0100000001fb0000001a0044006f00630075006d0065006e0074006100740069006f006e0000000000ffffffff000000000000000000000001000000d100000231fc0200000001fb0000001400540065007800740045006400690074006f0072010000001600000231000000a200ffffff000000030000073800000195fc0100000001fb0000001a0043006f006e0073006f006c00650041006c006c0041006c006c0100000000000007380000005400ffffff000006610000023100000001000000020000000100000008fc00000000
simulationViewPerspectives: 000000ff000000010000000200000118000004030100000006010000000100
sceneTreePerspectives: 000000ff0000000100000002000000c0000000fc0100000006010000000200
maximizedDockId: -1
centralWidgetVisible: 1
orthographicViewHeight: 1
textFiles: 0 "controllers/Melman/particle_filter.py"
consoles: Console:All:All
renderingDevicePerspectives: blue team 1:camera;1;0.629167;0.904355;0.0119285
